[app/ui]
version = 7.0.1
modtime = 1525729552.619570000

[app/launcher]
version = 7.0.1
modtime = 1525729552.626089000

[props/backedup]
version = 7.0.1
modtime = 1525729939.843558000

[props/f5asm]
version = 7.0.1
modtime = 1525730479.693882000
